Reading vehicle data...
EOF Reached
Done reading
0.00729872699957923
0.005802744999527931
0.00611141400077031
0.006186342998262262
0.006128115001047263
0.0067242120021546725
0.007411263999529183
0.007887932999437908
0.011716254997736542
0.007405953001580201
0.007769547002681065
0.014494049002678366
0.007094445998518495
0.0069984069996280596
0.006995275001827395
0.006239787999220425
0.0062999879992275964
0.007648363000043901
0.02848300700134132
0.0347683190011594
0.016268980001768796
0.008339437998074573
0.0152146399996127
0.006412925002223346
0.007123303999833297
0.007193916997493943
0.0069580710005539
0.007356802001595497
0.007287092001206474
0.007066524001857033
0.006966942000872223
0.007634524998138659
0.008089773000392597
0.007454374997905688
0.007332977998885326
0.016330077000020538
0.007756716000585584
0.013808108000375796
0.00887065000279108
0.00717271699977573
0.008702816001459723
0.0072638650017324835
0.007033597998088226
0.006585503000678727
0.00834450899856165
0.00690874499923666
0.007148816999688279
0.009490260999882594
0.00812537800084101
0.007984646999830147
0.008383697000681423
0.0084341139991011
0.007951165000122273
0.007918772000266472
0.0070405810001830105
0.006685036998533178
0.00696602899915888
0.007715788000496104
0.009016382999107009
0.007856932999857236
0.008321346002048813
0.007695128002524143
0.006605234997550724
0.007019199001661036
0.010881358000915498
0.008345900001586415
0.008511729000019841
0.007404394000332104
0.007505926998419454
0.013084172998787835
0.007754755002679303
0.007045596998068504
0.006451483001001179
0.007755857997835847
0.0076513439998961985
0.007850224999856437
0.007873193000705214
0.007924557001388166
0.009924657999363262
0.007490615000278922
0.008224509001593105
0.007158554002671735
0.0066561929997988045
0.006784115998016205
0.007073862001561793
0.007421788999636192
0.00799458700203104
0.008135061001667054
0.007763816000078805
0.009288034001656342
0.00780069100073888
0.009386933998030145
0.008880896999471588
0.008926672999223229
0.011219214997254312
0.0065760079996834975
0.023088395999366185
0.014159402999212034
0.016772004000813467
Epoch 100: loss is 0.34215
0.3876426060014637
0.03668601800018223
0.010195795999607071
0.009468319000006886
0.022470651001640363
0.01244475999919814
0.021801899001729907
0.008752162000746466
0.009910476001095958
0.0075859169992327224
0.00925698599894531
0.006736645998898894
0.008471549997921102
0.008013861999643268
0.010038877997430973
0.00828994900075486
0.022172879002027912
0.0077964699994481634
0.009717707998788683
0.007937144000607077
0.00941645199782215
0.007778610000968911
0.011262596002779901
0.007036047001747647
0.00818318700112286
0.007668595000723144
0.009278449000703404
0.008445515999483177
0.01028610700086574
0.00780873999974574
0.008555494001484476
0.0073455780002404936
0.008034147998841945
0.008032041998376371
0.007631595002749236
0.007074372999340994
0.0068003649976162706
0.007420587000524392
0.008050501000980148
0.009127407996857073
0.008992007002234459
0.019491416001983453
0.00810593500136747
0.0080351709984825
0.007880201999796554
0.007543014999100706
0.007722402999206679
0.007481695000024047
0.007687448000069708
0.007401765997201437
0.008033034999243682
0.009624917001929134
0.008446747000562027
0.007799448998412117
0.009087643997190753
0.007311458000913262
0.007550013000582112
0.007151710000471212
0.0072357669996563345
0.007133216997317504
0.007121306000044569
0.007076091998897027
0.007265857999300351
0.008195619000616716
0.007186734001152217
0.0074245489995519165
0.007156411000323715
0.0069397679981193505
0.006712621998303803
0.007605027996760327
0.0068961479992140085
0.007044542999210535
0.008162414000253193
0.00947609300055774
0.007750238000880927
0.0080956910023815
0.007630340998730389
0.007359205999819096
0.010566527998889796
0.007561836999229854
0.0068759349996980745
0.008009094002773054
0.008397910998610314
0.006710104997182498
0.007315317998290993
0.008726883999770507
0.007927249997010222
0.0077642790020036045
0.007634508001501672
0.006645804998697713
0.0067014500018558465
0.018196197001088876
0.007026115999906324
0.01059535300009884
0.006671549999737181
0.006315495000308147
0.007228342001326382
0.0070094270013214555
0.007646565001778072
0.007987279997905716
Epoch 200: loss is 0.30922
0.31136772700119764
0.019231539001339115
0.017413236000720644
0.014639184999396093
0.008429286997852614
0.007547055000031833
0.007320695000089472
0.007691787999647204
0.007275122999999439
0.008135502997902222
0.007995391999429557
0.007514179000281729
0.008403798998187995
0.007751650999125559
0.007936346002679784
0.008195212001737673
0.007706300999416271
0.008586454998294357
0.01851355599865201
0.022671890998026356
0.006351246996928239
0.007325284997932613
0.006571182999323355
0.006211127001733985
0.007212358999822754
0.006836634001956554
0.007567216001916677
0.0068099320014880504
0.007511471998441266
0.007349531999352621
0.00774015800197958
0.007575651001388906
0.007662536001589615
0.007640294999873731
0.007860678000724874
0.008273530002043117
0.007884899998316541
0.007830578997527482
0.008493899000313831
0.008382886000617873
0.007522971001890255
0.01220050699703279
0.00802806199862971
0.007410414000332821
0.007930836000014096
0.007338315997913014
0.007961354000144638
0.008046250997722382
0.008933611999964342
0.009763334997842321
0.022195003999513574
0.011577855999348685
0.012297478002437856
0.013057449999905657
0.011404574001062429
0.012824836998333922
0.008050627002376132
0.007951395000418415
0.008655578003526898
0.010588736000499921
0.007899259999248898
0.008349232997716172
0.008201830998586956
0.01145943500159774
0.007793918997776927
0.008636423997813836
0.017981122000492178
0.008184882997738896
0.008468083000479965
0.008441173999017337
0.009088652001082664
0.008741590001591248
0.008287114000268048
0.0130777099984698
0.007523600001150044
0.00747083199894405
0.007355372999882093
0.00661017700258526
0.006269539000641089
0.007175681999797234
0.006822651001129998
0.007797777998348465
0.007568296998215374
0.007365822999418015
0.00762649600073928
0.007351361000473844
0.008442516998911742
0.009375041001476347
0.012211805002152687
0.007628683997609187
0.007866682997700991
0.007363739998254459
0.0075648980018740986
0.007482204000552883
0.007346217000304023
0.007331647000683006
0.016194223000638885
0.007241248000354972
0.007281598002009559
0.0077249749992915895
Epoch 300: loss is 0.29129
0.2804103579983348
0.025894459002302028
0.019448356000793865
0.00995866700031911
0.008012677000806434
0.007214588000351796
0.0070000480009184685
0.007392917999823112
0.007106830002157949
0.007595045000925893
0.007170524997491157
0.007143857001210563
0.007336844999372261
0.007114291998732369
0.007342213997617364
0.007105762997525744
0.007203143999504391
0.007095811000908725
0.007101027000317117
0.007114486998034408
0.007210951000161003
0.007448075000866083
0.007211537002149271
0.008009236000361852
0.007219782997708535
0.00737877500068862
0.007299771998077631
0.007119312998838723
0.007207415001175832
0.007281854999746429
0.006906645998242311
0.006246012999326922
0.006726861000061035
0.007502139000280295
0.006873416998132598
0.008169045999238733
0.009254190998035483
0.007907630002591759
0.007992136001121253
0.007660915001906687
0.016286472000501817
0.009985603002860444
0.007047325998428278
0.0094554480019724
0.006923345998075092
0.007132796999940183
0.007125774998712586
0.007101560000592144
0.00701569400189328
0.007056098002067301
0.008130767997499788
0.007198053997854004
0.007233468000777066
0.021696400002838345
0.010696212000766536
0.00674281400279142
0.0065586540004005656
0.006365574001392815
0.006558760000189068
0.007511577998229768
0.007297586998902261
0.008014122999156825
0.009215058998961467
0.007526576999225654
0.00898594800310093
0.02515300899904105
0.008887357002095087
0.02342991299883579
0.00799742600065656
0.011258244998316513
0.01773227200101246
0.008005432999198092
0.007795017001626547
0.008185015998606104
0.008356869999261107
0.01822806600102922
0.01613641199946869
0.010235907997412141
0.0073232660033681896
0.007526142999267904
0.008438696000666823
0.008322916000906844
0.00776353699984611
0.007752751000225544
0.0076794460001110565
0.007678385001781862
0.007683224001084454
0.01193706999765709
0.013337026997760404
0.009128337002039189
0.008291866000945447
0.008192474000679795
0.00852624699837179
0.010180033001233824
0.00979754500076524
0.008066768998105545
0.00834664200010593
0.008513649998349138
0.011397588001273107
0.012238119998073671
Epoch 400: loss is 0.27851
0.3490044379977917
0.024219162998633692
0.019800880003458587
0.00937334799891687
0.007141026999306632
0.006829104000644293
0.00707651799893938
0.007231264000438387
0.007621276999998372
0.007370314000581857
0.008446798998193117
0.007361962998402305
0.007600032000482315
0.007933560002129525
0.008084249999228632
0.0074092979994020425
0.007659519000299042
0.008078579998255009
0.0076237770008447114
0.007760784999845782
0.009678424001322128
0.007321631997911027
0.007530445996962953
0.007637197002622997
0.008386025998333935
0.007651872998394538
0.008753617999900598
0.007968934998643817
0.0076574449994950555
0.008195543003239436
0.007339953997870907
0.007833338000637013
0.008159586999681778
0.007643423999979859
0.007706346998020308
0.008058162999077467
0.00793751800301834
0.0078063459986879025
0.008252907999121817
0.007733988000836689
0.007641442000021925
0.007915680998848984
0.008396139997785212
0.008838698002364254
0.008492993001709692
0.008429031000559917
0.007765261998429196
0.00768973399681272
0.00760323600115953
0.007342195000092033
0.007413856001221575
0.0081645309983287
0.014864444001432275
0.007193752000603126
0.007494445999327581
0.007043860001431312
0.006999116998485988
0.007029406999208732
0.007854741001210641
0.0070536550010729115
0.00702233100309968
0.007180746997619281
0.00720561499838368
0.007043126002827194
0.007492826000088826
0.007485188001737697
0.007208178001747001
0.007295069000974763
0.007162574998801574
0.007122822000383167
0.007316279999940889
0.007134329996915767
0.00701963500250713
0.007085322999046184
0.007367845999397105
0.0070003539985918906
0.007029306998447282
0.007462361998477718
0.0075035110021417495
0.007024276001175167
0.0070453440021083225
0.007186488997831475
0.007079421000526054
0.007471052998880623
0.007129565001378069
0.00836081699890201
0.007277183001860976
0.0072342829989793245
0.0071893630010890774
0.007035540002107155
0.007196014001237927
0.00834309700076119
0.006440265002311207
0.007124510000721784
0.006896514001709875
0.007151552999857813
0.008354967001650948
0.007633108001755318
0.00847543800045969
0.007639168001333019
Epoch 500: loss is 0.26833
0.25583339700096985
0.01927813799920841
0.02191148299971246
0.011549323000508593
0.008622902001661714
0.008827148001728347
0.007458557000063593
0.007782683002005797
0.0075790919981955085
0.007585142000607448
0.007490268999390537
0.0073172869997506496
0.007319825999729801
0.007772484001179691
0.007572383998194709
0.015795041999808745
0.007495455000025686
0.007369579001533566
0.0077133800004958175
0.007530225000664359
0.006716275998769561
0.006375590000970988
0.006715583000186598
0.006853399998362875
0.007323644000280183
0.0073721959997783415
0.008284753999760142
0.008221096999477595
0.008129998001095373
0.015131783999095205
0.0068384130026970524
0.006856143998447806
0.007168366999394493
0.007598101001349278
0.007264748001034604
0.0074296989987487905
0.0077931080013513565
0.009101638999709394
0.008690873997693416
0.008601593999628676
0.008087691003311193
0.00792690600064816
0.007897575000242796
0.007740987002762267
0.007778682000207482
0.00766616900000372
0.021877761999348877
0.007665750999876764
0.008227305002947105
0.007205802001408301
0.008271367001725594
0.006886874998599524
0.0071450520008511376
0.007060593998176046
0.007176383001933573
0.007097916000930127
0.007241727998916758
0.03333408899925416
0.012021683000057237
0.015080436998687219
0.006333155997708673
0.006815321001340635
0.006920258998434292
0.006903277000674279
0.00682635399789433
0.00710520299980999
0.007276797001395607
0.007111105998774292
0.00728366900148103
0.007261762999405619
0.006980226000450784
0.007119763999071438
0.007686147997446824
0.006968984998820815
0.007228282000141917
0.006969066998863127
0.007732763002422871
0.0071292739994532894
0.006982617000176106
0.0067693649980355985
0.006881703000544803
0.006783763001294574
0.008247558002040023
0.007599237000249559
0.007911785000032978
0.008356693000678206
0.0075693210019380786
0.008104347001790302
0.006953703999897698
0.006657477999397088
0.006688776000373764
0.006653436998021789
0.00738021600045613
0.0070871799980523065
0.00834520499847713
0.0080680119972385
0.007527852998464368
0.007403280997095862
0.01517097300165915
0.007930119998491136
Epoch 600: loss is 0.25973
0.30326896499900613
0.020332076997874537
0.020353084000817034
0.015201204998447793
0.009448204000364058
0.007821945997420698
0.007758363000903046
0.00936285100033274
0.009154136998404283
0.0073511840018909425
0.007495988000300713
0.0073813449998851866
0.006835879001300782
0.007689327998377848
0.0077212350006448105
0.008363378001376987
0.00755019799908041
0.008061030999670038
0.007299078999494668
0.01113472399811144
0.027936171998589998
0.006923208999069175
0.0136979449998762
0.009488047002378153
0.010541802999796346
0.01126038599977619
0.008066132002568338
0.014758462999452604
0.02461403000052087
0.010823590997460997
0.008192827001039404
0.00964630399903399
0.013223660000221571
0.014698241000587586
0.007351648000621935
0.007682028997805901
0.008286311000119895
0.007630388001416577
0.0075682249989768025
0.00725244499699329
0.007446003997756634
0.007762995999655686
0.0073738399987632874
0.00726469299843302
0.007361427000432741
0.007116306001989869
0.008335346999956528
0.007640420997631736
0.00883817100111628
0.008002378999663051
0.008097984999039909
0.008106199999019736
0.007490343999961624
0.007419601999572478
0.0082692659998429
0.0072253569996973965
0.007909750001999782
0.008230186998844147
0.00776520699946559
0.007397678000415908
0.007633748002263019
0.009662786000262713
0.0074793679996219
0.007192290999228135
0.007531671002652729
0.007373354001174448
0.007329427997319726
0.007583045000501443
0.007855490999645554
0.007365694000327494
0.007435503001033794
0.007683764000830706
0.00943858599930536
0.0334283289994346
0.011305673997412669
0.007244150001497474
0.009038608000992099
0.00801747899822658
0.008268264999060193
0.008158173000992974
0.007978933001140831
0.007896761999290902
0.0077984899980947375
0.007634046000021044
0.006710623001708882
0.006960296999750426
0.008410606998950243
0.007036619001155486
0.007143091002944857
0.008226991001720307
0.00970317799874465
0.008929854000598425
0.007909723000921076
0.007446635998348938
0.008447721000266029
0.008988975001557264
0.0075857659976463765
0.008120477999909781
0.008493352001096355
0.008553965999453794
Epoch 700: loss is 0.25223
0.3266987880015222
0.02014130299721728
0.018893685002694838
0.009219088999088854
0.017035545999533497
0.00761722999959602
0.007373021999228513
0.007131972000934184
0.007562582999526057
0.007606881998071913
0.007860850997531088
0.008917572002246743
0.00775739200253156
0.0076741459997720085
0.007320734999666456
0.007388527003058698
0.007291188998351572
0.007869949000451015
0.007295579001947772
0.0073228890032623895
0.007838361998437904
0.0073861569981090724
0.0074207300021953415
0.007726945001195418
0.007743714999378426
0.007516375997511204
0.007579846998851281
0.007581255998957204
0.007549711001047399
0.007816122997610364
0.008062863002123777
0.008651545998873189
0.008061831002123654
0.0082530770014273
0.009052112000063062
0.007358057002420537
0.007883382000727579
0.007193653000285849
0.0071232059999601915
0.007905783000751399
0.007673596999666188
0.007374176999292104
0.008175674000085564
0.008645994999824325
0.007316725997952744
0.007610569999087602
0.0073235790005128365
0.007978716999787139
0.008495614998537349
0.008718615001271246
0.008465061997412704
0.008388465997995809
0.007360650997725315
0.019339512000442483
0.022261120997427497
0.006564551000337815
0.008751360001042485
0.025970616003178293
0.011957004000578308
0.013779035998595646
0.014424269000301138
0.008081623000180116
0.007981475999258691
0.00832888299919432
0.008558041001379024
0.007391405000817031
0.007694404001085786
0.008544025000446709
0.009956891997717321
0.01009608899767045
0.009877346998109715
0.010129096001037396
0.010175059000175679
0.009024409002449829
0.010080706000735518
0.010581230999378022
0.011366464001184795
0.011328634001984028
0.011094157001934946
0.010465762999956496
0.00912744000015664
0.008213382003305014
0.017416212998796254
0.007561297999927774
0.007401761999062728
0.007380557999567827
0.007794502998876851
0.0074401010024303105
0.007538424000813393
0.007511908999731531
0.008120995000354014
0.008105798999167746
0.009903595000650967
0.009875677998934407
0.010047767998912605
0.010880794998229248
0.009512115000688937
0.010619338001561118
0.009825695000472479
0.010970576000545407
Epoch 800: loss is 0.24555
0.25344631699772435
0.0158679590022075
0.009479970998654608
0.015348427998105763
0.006970151000132319
0.007541161001427099
0.007231694002257427
0.007203068002127111
0.007576928001071792
0.0075007310006185435
0.007722310001554433
0.007235394998133415
0.007166916999267414
0.007212861000880366
0.0071179509977810085
0.0071528009975736495
0.007340131000091787
0.007211789001303259
0.00742770899887546
0.007411704998958157
0.007302237001567846
0.008185599002899835
0.007337871997151524
0.0072168420010712
0.007391106002614833
0.0071867359984025825
0.007461161003448069
0.007219777999125654
0.007111589999112766
0.007224230997962877
0.007045585000014398
0.007171102999564027
0.0071640000023762695
0.007797807000315515
0.007382279000012204
0.007113640000170562
0.007243045998620801
0.007117280001693871
0.0070276939986797515
0.00775991999762482
0.00706387399986852
0.007166757000959478
0.007256372999108862
0.0072337109995714854
0.007044719997793436
0.009027629002957838
0.007665163000638131
0.007136542000807822
0.007107681001798483
0.007091518997185631
0.007174002999818185
0.007205103000160307
0.0070387870000558905
0.007044388999929652
0.007511457999498816
0.00704093400054262
0.007018379001237918
0.007212223998067202
0.0070756570021330845
0.007281743997737067
0.007158206000895007
0.007115419000911061
0.00726526099970215
0.007426653999573318
0.0075202560001343954
0.007249278001836501
0.007165620998421218
0.007502884000132326
0.00913192499865545
0.008275349002360599
0.007842450999305584
0.007144044000597205
0.007947882000735262
0.007420639001793461
0.007929872997920029
0.007892486002674559
0.008262449999165256
0.017067132001102436
0.007138958000723505
0.007053092998830834
0.007122971001081169
0.007006195999565534
0.0071800619989517145
0.007102024002961116
0.00710115699985181
0.007358347000263166
0.007153024002036545
0.007082224998157471
0.007088233000104083
0.0072394230010104366
0.007057998998789117
0.0069961609988240525
0.007282602000486804
0.007098590998793952
0.0070871349998924416
0.007057916001940612
0.007256532997416798
0.0073455839992675465
0.007308895997994114
0.007513586002460215
Epoch 900: loss is 0.23951
0.238598063999234
0.019812162998277927
0.018494848998670932
0.013112144999468
0.009011146001284942
0.007274136998603353
0.006712331000017002
0.007093045998772141
0.007519431997934589
0.008149204000801546
0.008090898001682945
0.007996250998985488
0.007484931000362849
0.007263826999405865
0.008173869999154704
0.007497915001295041
0.008287664997624233
0.008089373000984779
0.007660735998797463
0.0075110649995622225
0.007645116002095165
0.007470325999747729
0.007478172999981325
0.007338963998336112
0.007840762998966966
0.0074747660000866745
0.007385824999801116
0.007902826997451484
0.007339836000028299
0.007678288999159122
0.007983485000295332
0.007416705000650836
0.0075737100014521275
0.007385564997093752
0.007789059996866854
0.007422687001962913
0.007392074003291782
0.007831973998690955
0.0074508170000626706
0.0072764480028126854
0.007366453999566147
0.007256973000039579
0.0070702099983463995
0.0078742069999862
0.0074667949993454386
0.007100542999978643
0.007063583998387912
0.007141171001421753
0.007273889001226053
0.0070522450005228166
0.007368780999968294
0.007194443998741917
0.007434858998749405
0.0071729660012351815
0.007079113001964288
0.007019179000053555
0.0070868189977773
0.007483175999368541
0.00731703899873537
0.007135156000003917
0.007518905000324594
0.007224909000797197
0.0070376030016632285
0.008400290997087723
0.030183068000042113
0.015759529000206385
0.006406797001545783
0.007125313000869937
0.007500575000449317
0.00787802900231327
0.00691813500088756
0.0070250960015982855
0.015741393999633146
0.0070356989999709185
0.00690802000099211
0.006911340999067761
0.007372378000582103
0.0070562460023211315
0.00717778399848612
0.007145121999201365
0.007158421001804527
0.007178657000622479
0.007144194998545572
0.007023132999165682
0.007072257998515852
0.007051591997878859
0.007250324000779074
0.007046311002341099
0.007079902999976184
0.007147133001126349
0.0070480140020663384
0.007011748999502743
0.007055799000227125
0.00757187400085968
0.007358867998846108
0.007206293001218
0.007049887000903254
0.007266151998919668
0.007154672999604372
0.007136395000998164
Epoch 1000: loss is 0.23399
0.239853843999299
Precision: 0.774
Recall: 0.857
F1-score: 0.813
