Reading vehicle data...
EOF Reached
Done reading
0.24784970600012457
0.22516362100031984
0.2145718610008771
0.2162514640003792
0.21498392400098965
0.21840696999970532
0.22444496099888056
0.22316378399955283
0.22465293899949756
0.22368634600024961
0.22754330999850936
0.2290478519989847
0.22884995000094932
0.22784502200011048
0.22785301800104207
0.22834777900061454
0.22912487699977646
0.22553132400025788
0.22639940999943065
0.23126526800115244
0.22765790999983437
0.23151261400016665
0.22804463099964778
0.2275495950016193
0.23077670299971942
0.227307908999137
0.2269423759989877
0.22897379799906048
0.22844555000119726
0.22898189800071123
0.22838249599953997
0.22821281799951976
0.2293549250007345
0.22945505500138097
0.22760044800088508
0.23047146100179816
0.22806858200056013
0.23088736600038828
0.22895540299941786
0.22730378400046902
0.23011011299968231
0.2293980400008877
0.22630526700049813
0.22813712300012412
0.22611090899954434
0.22674837200065667
0.22802398900057597
0.2262240660002135
0.22736778899889032
0.22691292700073973
0.22640071400019224
0.22627634099990246
0.22508213400033128
0.22619110999949044
0.22859186799905729
0.2285726980007894
0.22653545899993333
0.22676472000057402
0.22593018900079187
0.22640895699987595
0.22657300799983204
0.22646758600058092
0.22948343800089788
0.22509840699967754
0.2225259479982924
0.22704743599933863
0.2255376819994126
0.2252785929995298
0.22559171199827688
0.226162111001031
0.22615196100014145
0.22709476799900585
0.22718700699988403
0.22547006499917188
0.2273950770013471
0.22592189500028326
0.22806044000026304
0.22791293500085885
0.22957363400018949
0.2262007409990474
0.22760620699955325
0.22890437499881955
0.22628533600072842
0.22669080699961341
0.23015872099858825
0.2284033180003462
0.22930924199863512
0.2563360650001414
0.23393443900022248
0.22838757899990014
0.22733007799979532
0.22789331700005278
0.23177193999981682
0.22678680100034398
0.2298615849995258
0.22546475899980578
0.2263646979990881
0.22838048599987815
0.22529130799921404
Epoch 100: loss is 0.36390
0.6437076750007691
0.2654647509989445
0.22260986100081936
0.22147658600079012
0.2186293629983993
0.21689901600075245
0.21679343399955542
0.21686776599926816
0.21719207400019513
0.22046619299908343
0.21760425600041344
0.21910140099862474
0.21685942899966903
0.217751087000579
0.22162566400038486
0.21729089000109525
0.22113917199931166
0.21678285599955416
0.2169485739996162
0.21671821299969452
0.2149241469996923
0.2170402310002828
0.21816073499940103
0.22135432699906232
0.21858871599943086
0.21702956600165635
0.2197985949987924
0.22211516600145842
0.22006795699962822
0.2178458309990674
0.21862327800045023
0.21942187399872637
0.21542713999951957
0.21640110200132767
0.2180354800002533
0.21797181399961119
0.21923828099897946
0.21640791999925568
0.21891374600090785
0.21823201199913456
0.22167708099914307
0.2176494190007361
0.22078801400130033
0.21944380599961733
0.2197226940006658
0.2214988910000102
0.21952278999924602
0.22141812200061395
0.21810769100011385
0.21869691099891497
0.218222898998647
0.21998543300105666
0.22124952400008624
0.21870922899870493
0.21830455599956622
0.21681167499991716
0.21911729000021296
0.2170865940006479
0.2179880489984498
0.21564055899943924
0.21774807799920382
0.21867113299958874
0.21913920899896766
0.21974339699954726
0.21852160199887294
0.2177308289992652
0.21817135799938114
0.21846580099918356
0.21996679800031416
0.21870259199931752
0.21805174399924
0.21944854499997746
0.2187553330004448
0.21836197000084212
0.21669668899994576
0.21896817599917995
0.24009491300057562
0.23042883000016445
0.217421462000857
0.21836735200122348
0.2186417890006851
0.2185462830002507
0.218707144000291
0.21908256499955314
0.218471957001384
0.21828366900081164
0.21825178700055403
0.21984410000004573
0.21702690200072539
0.2174841350006318
0.22162378299981356
0.21883607100062363
0.21745206500054337
0.21915108599932864
0.21874878599919612
0.21819469000001845
0.21810907800136192
0.21818469800018647
0.21838587100137374
0.21858399699885922
Epoch 200: loss is 0.32786
0.45298787399951834
0.2298045789993921
0.21563381000123627
0.216488678001042
0.21772186599991983
0.21423306399992725
0.21746256799997354
0.21544140600053652
0.21871233100137033
0.21597544699943683
0.21574657700148236
0.21642083900042053
0.21650315700026113
0.21519143199839164
0.2176356769996346
0.21492247899914219
0.2147320589992887
0.21806166300120822
0.218170853000629
0.2169738550001057
0.21654007700090006
0.2164159940002719
0.21869861499908438
0.21781223899961333
0.21592233500086877
0.21660781299942755
0.21698803700019198
0.21975380599906202
0.2208839529994293
0.21612742699835508
0.21623250599986932
0.21640014999866253
0.21680077800010622
0.21825240799989842
0.21646909400078584
0.21643247900101414
0.21641058000022895
0.21760791999986395
0.2164765459983755
0.21640420199946675
0.2170990039994649
0.2174194150011317
0.21780325100007758
0.216114861999813
0.21573552699919674
0.21559537299981457
0.21567928100012068
0.21578569500161393
0.2177417279999645
0.21619385600024543
0.21755574500093644
0.21736453999983496
0.2171927079998568
0.21751987699826714
0.2173086160000821
0.2178540000004432
0.21757327700106543
0.21713584899953275
0.2172002209990751
0.21656366500064905
0.21641047499906563
0.21657661899917002
0.21661409700027434
0.21732576499925926
0.21673668699986592
0.21699436800008698
0.21828218100017693
0.21677946999989217
0.21670559199992567
0.21745201799967617
0.21641908699893975
0.21769861099892296
0.21899415499865427
0.21778393200111168
0.21702010400076688
0.21718626899928495
0.2170750470013445
0.21677919600006135
0.21862068799964618
0.2180680889996438
0.21969725000053586
0.2174954100009927
0.21809164800106373
0.21978770500027167
0.21627818100023433
0.21786424399942916
0.21674073599933763
0.21708703100011917
0.21586816099988937
0.21707787200102757
0.218035798998244
0.21855285800120328
0.21662999000000127
0.2164408309999999
0.21861053999964497
0.216975736000677
0.219730258000709
0.2190576200009673
0.2173506039998756
0.21769614599907072
Epoch 300: loss is 0.30917
0.5026189210002485
0.23429684399889084
0.21646444900034112
0.21839837900006387
0.21713978300067538
0.21740472400051658
0.21667118500045035
0.21670979400005308
0.21644961300080467
0.2179880450003111
0.2189500759996008
0.21666241999992053
0.21678535099999863
0.21675044800031174
0.21615595199909876
0.21823924899945268
0.21900821900089795
0.2169808489998104
0.2175882619994809
0.21831749500051956
0.21708528499948443
0.21787169399976847
0.2162801490012498
0.21626803100116376
0.21697876999860455
0.21733960400160868
0.220447947998764
0.2194679839994933
0.21839118400021107
0.21659479499976442
0.21677403899957426
0.22024484900066454
0.217585775999396
0.21740328099986073
0.21539624900105991
0.21518400800050586
0.21686004100047285
0.21770307399856392
0.2185158490010508
0.21877340900027775
0.2191996769997786
0.21782426299978397
0.21862051899915969
0.21695017099955294
0.21520341299947177
0.21610641699953703
0.21787718599989603
0.21842547900087084
0.21721512699878076
0.2181294149995665
0.21741393600132142
0.2188188470008754
0.2197723950012005
0.21935045999998692
0.21639753599993128
0.21785898599955544
0.21811691599941696
0.21808785700159206
0.2187031030007347
0.2178383339996799
0.21928192900122667
0.21770550099972752
0.2174173229996086
0.21737111599941272
0.21769101300014881
0.22052606800025387
0.21942151400071452
0.21700364100070146
0.21809410300011223
0.21598371999971278
0.21581238500039035
0.21931109800061677
0.22133390299859457
0.220692497001437
0.21561190400097985
0.21618785800092155
0.21762437600045814
0.21666221499981475
0.21805710499938868
0.21658040799957234
0.2194951609999407
0.21564795300037076
0.2160041210008785
0.2182273759990494
0.22111071099971014
0.21929394000108005
0.2171497580002324
0.21677328799887619
0.21638644099948579
0.21718471800159023
0.21648452800036466
0.2180577519993676
0.21810465599992312
0.21614901300017664
0.21557333800046763
0.21554857599949173
0.21725202199922933
0.21542979100013326
0.21607590500025253
0.21742369799903827
Epoch 400: loss is 0.29644
0.4594542310005636
0.23513176400047087
0.2168716129999666
0.21656774100119947
0.2159181510014605
0.217635307000819
0.22134922700024617
0.218106334001277
0.21831801799999084
0.2176527100000385
0.21936476699920604
0.22078980800142745
0.21849258499969437
0.2182009759999346
0.2194086449999304
0.21974607300035132
0.21981015999881492
0.21649254399926576
0.22863996500018402
0.21829559999969206
0.21720410200032347
0.2171139439997205
0.21587844100031361
0.21860893099983514
0.21757212500051537
0.21823258400036138
0.21803562800050713
0.2195224170009169
0.21924395300084143
0.21843212900057551
0.21832587599965336
0.21790629099996295
0.2188796430000366
0.21881227800076886
0.21980092100056936
0.21779927500028862
0.2201619749994279
0.21775790799983952
0.21973888900174643
0.21868593100043654
0.21933851999892795
0.2210099949988944
0.21704668600068544
0.21929226300017035
0.22150849900026515
0.21843689699926472
0.21761716000037268
0.21716265899885911
0.21520549399974698
0.2163975740004389
0.21705759299948113
0.22168745799899625
0.22057871599827195
0.21644709300016984
0.21984922299998289
0.22055483000076492
0.2165814979998686
0.21630519900099898
0.2187241580013506
0.21880143799899088
0.2185311070006719
0.2186184090005554
0.21792905799884466
0.21970597600011388
0.21745103600005677
0.2201229530001001
0.21580089000053704
0.21924924700033444
0.21599673700075073
0.21714125300059095
0.21576650899987726
0.21931995100021595
0.21772343900011037
0.2182621289994131
0.2176762620001682
0.22000791100072092
0.21981743899959838
0.21880170500116947
0.22074605200032238
0.21760721799910243
0.2182445540001936
0.21792272199854779
0.21974024399969494
0.21943747799923585
0.21920174899969425
0.21705355199992482
0.21550944400041772
0.2177353930001118
0.22008529999948223
0.21683890500025882
0.21825237200027914
0.21835803700014367
0.21787901000061538
0.2173252920001687
0.21962533999976586
0.21572112700050639
0.21707989099922997
0.21709232600005635
0.21918132299833815
0.21713362599984976
Epoch 500: loss is 0.28661
0.4491260009999678
0.22303327100053139
0.21486157499930414
0.21567505900020478
0.21470771200074523
0.21457380399988324
0.21633852800005116
0.215844210000796
0.21612384699983522
0.21455378100108646
0.2166545039999619
0.21796803200049908
0.21786965600040276
0.21619957499933662
0.2182000090015208
0.21829149199948006
0.2193093490004685
0.21808021899960295
0.2188298559995019
0.21968214499975147
0.21883344300113095
0.2183934449985827
0.21747181299906515
0.21595223199983593
0.21613729999990028
0.2167386750006699
0.21997115900012432
0.21832357899984345
0.21713789400018868
0.21447573400109832
0.21696677799991448
0.21521874500103877
0.21682058799888182
0.21644433599976765
0.21686127300017688
0.216551884999717
0.21854370000073686
0.21637273900159926
0.2149006809995626
0.21449424700040254
0.215648131999842
0.22030642000027
0.21916897000119206
0.22071359400069923
0.21780206500079657
0.21799697300048138
0.21605072599959385
0.2143894509990787
0.21667378100028145
0.21761984099975962
0.21997722999913094
0.21667036500002723
0.2181176560006861
0.2180735919992003
0.2159298240003409
0.2182806349992461
0.21702372700019623
0.21566605000043637
0.21860710699911579
0.21823323799981154
0.21773279799890588
0.21830756599956658
0.21859251000023505
0.21851722199971846
0.2190498790005222
0.21882663599899388
0.21946786400076235
0.21916119399975287
0.2183489159997407
0.21712688799925672
0.21750584700021136
0.21828899000138335
0.21855289099949005
0.2183590170006937
0.21786680399964098
0.21715159899940772
0.21933075400011148
0.218347513999106
0.21948155399877578
0.21768343199983065
0.2193108499996015
0.21766103499976452
0.2179154909990757
0.21927161799976602
0.21600581900020188
0.21758557599969208
0.21558434299913642
0.21674554199853446
0.21782485800031282
0.21967013499852328
0.21705552300045383
0.2179950280005869
0.21783496900025057
0.21673272400039423
0.21656504100064922
0.21678774099927978
0.21648336900034337
0.21642957800031581
0.21700383399911516
0.21795592099988426
Epoch 600: loss is 0.27848
0.451021369000955
0.2312722560000111
0.21665586800008896
0.21709976800048025
0.21685813300064183
0.21570068199980597
0.2155196359999536
0.2152407060002588
0.21671450000030745
0.21614329699878
0.21506988199871557
0.21869109799990838
0.2165789760001644
0.21512448999965272
0.21672654100075306
0.21694022500014398
0.2176213610000559
0.2186617560000741
0.21808082400093554
0.21600645500075188
0.2181952459995955
0.21945244200105662
0.2157928990000073
0.21478078399923106
0.21645004099991638
0.2160117370003718
0.21696243899896217
0.2190550519990211
0.21781371199904243
0.21647641799972916
0.2194326569988334
0.2162524890009081
0.2157449850001285
0.2181203030013421
0.21925467700020818
0.21587862100022903
0.2186141170004703
0.21852829300041776
0.21670586099935463
0.2190545289995498
0.2185000109984685
0.21912595799949486
0.21671760599929257
0.21757851700022002
0.21825012999943283
0.21860967199972947
0.21615308899890806
0.21647327400023642
0.21818354499919224
0.2207994319996942
0.2171578360012063
0.2158490889996756
0.217302548000589
0.21942428699912853
0.21707507999963127
0.21683235799901013
0.21676970999942569
0.22050976699938474
0.21822517500004324
0.2235186320012872
0.21887984000022698
0.21732297599919548
0.21820946099978755
0.22090455399847997
0.2193277409987786
0.21733445999961987
0.21774414999890723
0.21918860099867743
0.22051984800054925
0.21856254900012573
0.21787385799871117
0.21616382399952272
0.21886255699973844
0.21863076199952047
0.21681270699991728
0.21887700699880952
0.21802531400135194
0.21920128199963074
0.21621813499950804
0.21678633099872968
0.21841851699900872
0.21700138099913602
0.21662201800063485
0.21632772500015562
0.2181267050000315
0.21672022100028698
0.2199776590005058
0.216949036999722
0.21783786699961638
0.21645498200086877
0.21900643600019976
0.21782587300003797
0.2174021119990357
0.21706830199946126
0.22046112499992887
0.22202557399941725
0.22018877299888118
0.21703558700028225
0.2164165399990452
0.21765809699900274
Epoch 700: loss is 0.27148
0.4539315350011748
0.23965119500098808
0.2185877320007421
0.21766752899929998
0.2201417259984737
0.21827673300140304
0.21959551100007957
0.21827164600108517
0.21673495100003493
0.21757121599875973
0.21596970800055715
0.21850992399959068
0.21679871200103662
0.2184504739998374
0.2171448059998511
0.2175611940001545
0.21804141999928106
0.2166195539994078
0.21771604900095554
0.21927192600014678
0.21734439000101702
0.22098147100041388
0.22147474299890746
0.22010330199918826
0.21870623199902184
0.21951641099985864
0.22119587099950877
0.21641099500084238
0.21680966500025534
0.21563364600115165
0.221118359000684
0.22141154499877302
0.21708126100020309
0.21959280899864098
0.22019077400000242
0.21795266600020113
0.21705828700032725
0.22002118199998222
0.2147887079991051
0.21855575100016722
0.21721178400002827
0.21660311199957505
0.21726796900111367
0.21650800600036746
0.2190673759996571
0.2190991829993436
0.217816980999487
0.21881207700062077
0.21745652499885182
0.2178736480000225
0.21868324300157838
0.2168414580009994
0.2190351429999282
0.22004399599973112
0.21759861200007435
0.21719659500013222
0.21922516099948552
0.21989154200127814
0.21838689300057013
0.2169625440001255
0.21619024599931436
0.22064333699927374
0.21923691300071368
0.21779284399963217
0.21853136199933942
0.21531340100045782
0.21595327099930728
0.2190032489997975
0.21594068400008837
0.2167100209990167
0.21896791700055473
0.21878134599865007
0.21980409200114082
0.21895368500008772
0.21894933600015065
0.2181181359992479
0.2171190380013286
0.21819903699906718
0.2169752449990483
0.21690363000016077
0.21676486599972122
0.228687094999259
0.21729606199914997
0.21569367100164527
0.21650468499865383
0.21736875900023733
0.2189498129991989
0.2196790800007875
0.21619916800045758
0.2153620270000829
0.21793967700068606
0.21893884299970523
0.218115500998465
0.21881347899943648
0.2189846919991396
0.2184487029990123
0.21931590900021547
0.22173859899885429
0.21730766699874948
0.2187726409993047
Epoch 800: loss is 0.26529
0.45698345900018467
0.2378517910001392
0.21818995700050436
0.21779946300011943
0.2197178520000307
0.21850006299973757
0.22542799999973795
0.22135191100096563
0.2192268620001414
0.21906043899980432
0.21885664599903976
0.22106598999926064
0.21746310299931793
0.21680590100004338
0.21819717299877084
0.22078214300017862
0.2181087529988872
0.21961870799896133
0.21834513500107278
0.21803806900061318
0.2167787029993633
0.2188729900008184
0.219357604999459
0.2170594359995448
0.2179439289993752
0.21713279300092836
0.21877753299850156
0.2173199589997239
0.23338004300057946
0.2192593689997011
0.21719101999951818
0.21746327499931795
0.21599415700075042
0.2166008789990883
0.2171965920006187
0.21652862800146977
0.21912532300120802
0.21711767799934023
0.21993884400035313
0.21744048099935753
0.21858169299957808
0.21969606300081068
0.21907700800147722
0.2221015779996378
0.21954467900104646
0.2158315369997581
0.2153839290003816
0.21596407300057763
0.22022345699951984
0.21699734899993928
0.21736978700027976
0.21623513499980618
0.22136488399883092
0.2165503649994207
0.21992533200136677
0.2195834800004377
0.2578429099994537
0.21816811000098824
0.21935852600108774
0.216440528000021
0.21972870499848796
0.21878554599970812
0.21875899500082596
0.21963916000095196
0.21886525000081747
0.21855646900075953
0.2184145739993255
0.21853824499885377
0.21919486800106824
0.21640199800094706
0.21681897999951616
0.21832685899971693
0.21663843599890242
0.21705453600043256
0.21944267000071704
0.22117167500073265
0.21957040500092262
0.2190206550003495
0.2186221049996675
0.22047609999935958
0.21801602100094897
0.22150972300005378
0.21886666799946397
0.21993230099906214
0.21796364700094273
0.21848852799848828
0.22224708099929558
0.2544760930013581
0.23618104399974982
0.2525244759999623
0.24852894800096692
0.23359570300090127
0.24823854399983247
0.23572626399982255
0.23080951199881383
0.2314526999998634
0.22369405499921413
0.2828017040010309
0.272879340000145
0.2782497419993888
Epoch 900: loss is 0.25971
0.5496144560001994
0.2649517449990526
0.2812614409995149
0.28866687400113733
0.2651282410006388
0.2577194730001793
0.27543025500017393
0.2616521099989768
0.25354822100052843
0.24342180200073926
0.24078227499921923
0.23794608299976971
0.2616035839982942
0.2625934669995331
0.2509688569989521
0.29214172100000724
0.2859965430016018
0.26263252299941087
0.2895632649997424
0.2577358700000332
0.2697430409989465
0.24517601799925615
0.25239250999948126
0.24696155399942654
0.24439434700070706
0.23752877000151784
0.22951718200056348
0.24609204000080354
0.25548107299982803
0.2477823260014702
0.23293460000058985
0.23114733500005968
0.22968581599889148
0.23105605599994306
0.2359427740011597
0.2286036219993548
0.22814771800040035
0.2325382119997812
0.23046871399856173
0.23175477200129535
0.23345216899906518
0.22747630900084914
0.23299926799882087
0.23402604699913354
0.22906973000135622
0.2417344849982328
0.23943543899986253
0.24142858000050182
0.23192056999869237
0.2519658139990497
0.23058113700062677
0.257088054999258
0.23813277600129368
0.24055622100058827
0.23302203299863322
0.22697759300172038
0.22868946800008416
0.22632652399988729
0.23016840199852595
0.22793470899887325
0.23077607999948668
0.23061299300024984
0.2359205770007975
0.2294371650004905
0.23516467100125737
0.23582250099934754
0.23313566900105798
0.23026475999904505
0.22933144299895503
0.22841982300087693
0.22888925500046753
0.2306344379994698
0.23216430300089996
0.23807918499915104
0.23564031400019303
0.2379482870001084
0.2287745409994386
0.2295893980008259
0.23344128300050215
0.2283479569996416
0.23075897600028838
0.22915521899994928
0.23005743499925302
0.23207652200107987
0.2294012610000209
0.2301791019999655
0.22964865200083295
0.22984425000140618
0.23123995700007072
0.22747249200074293
0.2262620169985894
0.23087786399992183
0.23022599000069022
0.23015691399996285
0.23008979200130852
0.23234011400018062
0.22768946299947856
0.2311790639996616
0.23260731099981058
0.22884840899860137
Epoch 1000: loss is 0.25461
0.4695002349999413
Precision: 0.762
Recall: 0.853
F1-score: 0.805
